0 0.438500 0.325750 0.431265 0.317309 0.456485 0.295691 0.463721 0.304132
0 0.182534 0.218953 0.179932 0.203345 0.188649 0.201892 0.191250 0.217500
0 0.497000 0.343500 0.490500 0.340250 0.501500 0.318250 0.508000 0.321500
0 0.410000 0.308750 0.404375 0.303125 0.428125 0.279375 0.433750 0.285000
0 0.482250 0.330750 0.477000 0.329000 0.482000 0.314000 0.487250 0.315750
0 0.399754 0.306455 0.395861 0.301783 0.411598 0.288668 0.415492 0.293340
0 0.491250 0.332500 0.486750 0.330250 0.493500 0.316750 0.498000 0.319000
0 0.418441 0.309256 0.414228 0.302514 0.439059 0.286994 0.443273 0.293736
0 0.498250 0.332750 0.493000 0.331000 0.497500 0.317500 0.502750 0.319250
0 0.420404 0.317757 0.415882 0.310221 0.447132 0.291471 0.451654 0.299007
0 0.716250 0.188750 0.708750 0.185000 0.718500 0.165500 0.726000 0.169250
0 0.000717 0.050908 0.000270 0.034203 0.051009 0.032846 0.051456 0.049552
0 0.062839 0.083723 0.055464 0.083354 0.056149 0.069639 0.063525 0.070007
0 0.322771 0.094745 0.297779 0.072322 0.303247 0.066228 0.328238 0.088652