0 0.729797 0.573791 0.717603 0.570509 0.729093 0.527833 0.741286 0.531115
0 0.851250 0.238750 0.845000 0.232500 0.855625 0.221875 0.861875 0.228125
0 0.565000 0.966250 0.536250 0.966250 0.536250 0.956250 0.565000 0.956250
0 0.637000 0.373500 0.628500 0.369250 0.647000 0.332250 0.655500 0.336500
0 0.567500 0.988750 0.537500 0.988750 0.537500 0.976250 0.567500 0.976250
0 0.604124 0.505714 0.593013 0.500423 0.609880 0.465002 0.620991 0.470293
0 0.556250 0.740000 0.545000 0.740000 0.545000 0.708750 0.556250 0.708750
0 0.597362 0.578905 0.584228 0.575369 0.599845 0.517362 0.612979 0.520898
0 0.550000 0.883750 0.540000 0.883750 0.540000 0.866250 0.550000 0.866250
0 0.582164 0.654183 0.568702 0.651490 0.580000 0.595000 0.593462 0.597692
0 0.705892 0.231282 0.691966 0.223686 0.716616 0.178495 0.730541 0.186091
0 0.666008 0.112369 0.614561 0.072871 0.624030 0.060538 0.675477 0.100035
0 0.859344 0.180813 0.852199 0.175084 0.866651 0.157058 0.873796 0.162786
0 0.833784 0.260622 0.828283 0.255659 0.842268 0.240158 0.847769 0.245120