0 0.712110 0.807133 0.655459 0.790138 0.658865 0.778785 0.715516 0.795780
0 0.733191 0.936883 0.730857 0.925599 0.772852 0.916910 0.775187 0.928194
0 0.719181 0.470052 0.716048 0.458304 0.772609 0.443221 0.775742 0.454969
0 0.790000 0.960000 0.767500 0.960000 0.767500 0.950000 0.790000 0.950000
0 0.758962 0.133632 0.751863 0.131604 0.759127 0.106179 0.766226 0.108208
0 0.753750 0.960000 0.731250 0.960000 0.731250 0.946250 0.753750 0.946250
0 0.606757 0.181959 0.597027 0.180338 0.603547 0.141216 0.613277 0.142838
0 0.721000 0.958000 0.702000 0.948500 0.706250 0.940000 0.725250 0.949500
0 0.632669 0.049763 0.629899 0.033142 0.638209 0.031757 0.640980 0.048378
0 0.826056 0.886899 0.783379 0.839298 0.799437 0.824901 0.842114 0.872502
0 0.645478 0.029924 0.637488 0.028156 0.643391 0.001490 0.651381 0.003258
0 0.669043 0.945739 0.666663 0.934925 0.709294 0.925542 0.711674 0.936356
0 0.990104 0.904858 0.968607 0.879171 0.977869 0.871420 0.999366 0.897107
0 0.930207 0.800870 0.924822 0.794522 0.953016 0.770600 0.958402 0.776947
0 0.956188 0.826494 0.951335 0.820682 0.971052 0.804218 0.975906 0.810031
0 0.967785 0.837170 0.961761 0.830692 0.982057 0.811817 0.988081 0.818294