0 0.677500 0.716250 0.660000 0.716250 0.660000 0.710000 0.677500 0.710000
0 0.573750 0.160000 0.567500 0.160000 0.567500 0.147500 0.573750 0.147500
0 0.755000 0.735000 0.748750 0.735000 0.748750 0.725000 0.755000 0.725000
0 0.685098 0.572878 0.648902 0.565122 0.650842 0.556073 0.687037 0.563829
0 0.713750 0.741250 0.707500 0.741250 0.707500 0.725000 0.713750 0.725000
0 0.706250 0.576250 0.687500 0.576250 0.687500 0.568750 0.706250 0.568750
0 0.810000 0.780000 0.797500 0.780000 0.797500 0.772500 0.810000 0.772500
0 0.736500 0.707000 0.735385 0.698077 0.765538 0.694308 0.766654 0.703231
0 0.757256 0.609695 0.742744 0.591555 0.749756 0.585945 0.764268 0.604085
0 0.735000 0.703750 0.721250 0.703750 0.721250 0.698750 0.735000 0.698750
0 0.852250 0.273000 0.845000 0.251250 0.854000 0.248250 0.861250 0.270000
0 0.586767 0.073925 0.573402 0.071348 0.584816 0.012157 0.598181 0.014734
0 0.568443 0.193339 0.566984 0.178019 0.574806 0.177274 0.576265 0.192594
0 0.721927 0.252261 0.718702 0.240936 0.771976 0.225764 0.775201 0.237089