0 0.610000 0.255000 0.604375 0.249375 0.614375 0.239375 0.620000 0.245000
0 0.761250 0.202500 0.734191 0.195735 0.737279 0.183382 0.764338 0.190147
0 0.384375 0.191875 0.380000 0.187500 0.389375 0.178125 0.393750 0.182500
0 0.517500 0.090000 0.508750 0.090000 0.508750 0.083750 0.517500 0.083750
0 0.187500 0.010000 0.172500 0.010000 0.172500 0.005000 0.187500 0.005000
0 0.620407 0.256348 0.613666 0.252135 0.622865 0.237416 0.629607 0.241629
0 0.401284 0.188547 0.394189 0.178615 0.423277 0.157838 0.430372 0.167770
0 0.415000 0.197500 0.407500 0.190000 0.429375 0.168125 0.436875 0.175625
0 0.467750 0.212000 0.459525 0.210825 0.462975 0.186675 0.471200 0.187850
0 0.389771 0.136291 0.317528 0.124343 0.319128 0.114670 0.391371 0.126618
0 0.697933 0.209987 0.673910 0.197268 0.676826 0.191760 0.700849 0.204479
0 0.703920 0.070982 0.697797 0.067558 0.710130 0.045501 0.716253 0.048925