0 0.622500 0.628750 0.615000 0.621250 0.646875 0.589375 0.654375 0.596875
0 0.638750 0.537500 0.633350 0.530300 0.663350 0.507800 0.668750 0.515000
0 0.861659 0.943639 0.854403 0.937290 0.876471 0.912069 0.883728 0.918418
0 0.637500 0.552500 0.631250 0.546250 0.655625 0.521875 0.661875 0.528125
0 0.545000 0.678750 0.540750 0.670250 0.560750 0.660250 0.565000 0.668750
0 0.649441 0.553985 0.642441 0.547985 0.662735 0.524309 0.669735 0.530309
0 0.748000 0.777750 0.738500 0.773000 0.749750 0.750500 0.759250 0.755250
0 0.606450 0.598600 0.586650 0.572200 0.595050 0.565900 0.614850 0.592300
0 0.782019 0.803654 0.751197 0.782463 0.757908 0.772702 0.788730 0.793893
0 0.624303 0.571414 0.600840 0.543258 0.608709 0.536701 0.632172 0.564857
0 0.775000 0.832500 0.748125 0.805625 0.756875 0.796875 0.783750 0.823750
0 0.627950 0.605600 0.617300 0.591400 0.654700 0.563350 0.665350 0.577550
0 0.307304 0.209630 0.281438 0.169782 0.293006 0.162273 0.318872 0.202121
0 0.498002 0.440117 0.468195 0.404589 0.477376 0.396886 0.507183 0.432414
0 0.535801 0.489875 0.525057 0.472439 0.532713 0.467722 0.543456 0.485158