0 0.885081 0.418237 0.876973 0.407088 0.899865 0.390439 0.907973 0.401588
0 0.659533 0.710290 0.652210 0.705783 0.664914 0.685139 0.672237 0.689646
0 0.551256 0.696979 0.539564 0.686517 0.579906 0.641429 0.591598 0.651891
0 0.647500 0.576250 0.641875 0.570625 0.658125 0.554375 0.663750 0.560000
0 0.695000 0.731250 0.688125 0.724375 0.703750 0.708750 0.710625 0.715625
0 0.560000 0.998750 0.553750 0.998750 0.553750 0.987500 0.560000 0.987500
0 0.654375 0.581875 0.648125 0.575625 0.663750 0.560000 0.670000 0.566250
0 0.514808 0.929038 0.508173 0.924615 0.520673 0.905865 0.527308 0.910288
0 0.937912 0.388397 0.932380 0.374818 0.977485 0.356441 0.983018 0.370021
0 0.544000 0.873250 0.537500 0.870000 0.547250 0.850500 0.553750 0.853750
0 0.690000 0.556250 0.681250 0.547500 0.713750 0.515000 0.722500 0.523750
0 0.593558 0.814038 0.588077 0.810385 0.600192 0.792212 0.605673 0.795865
0 0.746184 0.508496 0.736582 0.497522 0.773573 0.465155 0.783175 0.476128
0 0.485478 0.789104 0.473489 0.781627 0.506255 0.729088 0.518245 0.736565
0 0.626518 0.786413 0.620933 0.782845 0.631587 0.766169 0.637172 0.769737
0 0.629076 0.600748 0.622449 0.593542 0.640079 0.577328 0.646706 0.584535
0 0.520660 0.724592 0.511749 0.716341 0.530259 0.696351 0.539170 0.704602