0 0.998750 0.903750 0.903125 0.808125 0.916250 0.795000 1.000000 0.890625
0 0.225008 0.447168 0.155573 0.388994 0.170291 0.371426 0.239726 0.429601
0 0.975971 0.933632 0.959206 0.914074 0.963838 0.910103 0.980603 0.929662
0 0.626157 0.899896 0.540133 0.803836 0.562269 0.784013 0.648293 0.880073
0 0.592390 0.689832 0.579333 0.682215 0.604721 0.638692 0.617779 0.646308
0 0.555000 0.657500 0.541250 0.657500 0.541250 0.652500 0.555000 0.652500
0 0.748456 0.766323 0.735220 0.758382 0.764779 0.709118 0.778015 0.717059
0 0.810000 0.723750 0.780625 0.694375 0.788750 0.686250 0.818125 0.715625
0 0.097741 0.625103 0.014624 0.525737 0.038629 0.505658 0.121746 0.605023
0 0.621283 0.630509 0.603190 0.620652 0.656942 0.521994 0.675034 0.531851
0 0.667596 0.491285 0.636868 0.463190 0.645008 0.454286 0.675737 0.482381
0 0.473916 0.939713 0.378662 0.848354 0.396552 0.829702 0.491805 0.921061